-296 -106 6 70
0,0
296 106
1,1
297 107
2,2
298 108
3,3
299 109
4,3
300 109
5,2
301 108
6,1
302 107
5,0
301 106
4,-1
300 105
3,-1
299 105
2,-1
298 105
1,-2
297 104
0,-3
296 103
-1,-4
295 102
-2,-5
294 101
-3,-6
293 100
-4,-5
292 101
-2,-7
294 99
-1,-8
295 98
0,-9
296 97
0,-10
296 96
0,-11
296 95
1,-12
297 94
0,-13
296 93
-1,-14
295 92
-1,-15
295 91
-2,-16
294 90
-2,-17
294 89
-3,-18
293 88
-4,-19
292 87
-3,-20
293 86
-4,-21
292 85
-3,-22
293 84
-2,-23
294 83
-1,-24
295 82
0,-25
296 81
-1,-26
295 80
-2,-27
294 79
-3,-28
293 78
-4,-29
292 77
-5,-30
291 76
-6,-29
290 77
-7,-28
289 78
-8,-27
288 79
-9,-26
287 80
-10,-25
286 81
-11,-26
285 80
-12,-27
284 79
-13,-28
283 78
-14,-27
282 79
-15,-26
281 80
-16,-25
280 81
-17,-24
279 82
-18,-24
278 82
-19,-25
277 81
-20,-24
276 82
-21,-23
275 83
-22,-22
274 84
-23,-21
273 85
-24,-20
272 86
-25,-19
271 87
-26,-18
270 88
-27,-17
269 89
-26,-16
270 90
-25,-15
271 91
-26,-14
270 92
-25,-13
271 93
-24,-12
272 94
-25,-11
271 95
-26,-10
270 96
-27,-9
269 97
-28,-10
268 96
-29,-11
267 95
-30,-12
266 94
-31,-13
265 93
-32,-14
264 92
-33,-15
263 91
-34,-16
262 90
-35,-17
261 89
-36,-18
260 88
-37,-19
259 87
-38,-20
258 86
-39,-21
257 85
-40,-22
256 84
-39,-23
257 83
-38,-24
258 82
-37,-25
259 81
-36,-25
260 81
-35,-24
261 82
-34,-24
262 82
-33,-24
263 82
-32,-24
264 82
-31,-25
265 81
-30,-26
266 80
-29,-25
267 81
-28,-24
268 82
-27,-23
269 83
-26,-22
270 84
-25,-21
271 85
-26,-20
270 86
-27,-19
269 87
-28,-18
268 88
-29,-17
267 89
-30,-16
266 90
-30,-15
266 91
-31,-16
265 90
-32,-17
264 89
-33,-18
263 88
-34,-19
262 87
-35,-20
261 86
-34,-21
262 85
-33,-22
263 84
-34,-23
262 83
-36,-23
260 83
-35,-22
261 84
-36,-21
260 85
-37,-20
259 86
-38,-19
258 87
-39,-18
257 88
-40,-17
256 89
-41,-16
255 90
-42,-15
254 91
-43,-14
253 92
-44,-13
252 93
-45,-12
251 94
-46,-11
250 95
-47,-10
249 96
-48,-9
248 97
-49,-8
247 98
-50,-7
246 99
-51,-6
245 100
-52,-5
244 101
-53,-4
243 102
-54,-3
242 103
-55,-2
241 104
-56,-2
240 104
-57,-2
239 104
-58,-1
238 105
-59,0
237 106
-60,1
236 107
-61,2
235 108
-61,3
235 109
-61,4
235 110
-62,5
234 111
-63,6
233 112
-64,7
232 113
-65,8
231 114
-65,9
231 115
-65,10
231 116
-65,11
231 117
-64,12
232 118
-64,13
232 119
-63,14
233 120
-62,15
234 121
-61,16
235 122
-60,17
236 123
-59,18
237 124
-60,19
236 125
-59,20
237 126
-59,21
237 127
-59,22
237 128
-60,23
236 129
-61,24
235 130
-62,25
234 131
-62,26
234 132
-62,27
234 133
-62,28
234 134
-63,29
233 135
-64,30
232 136
-65,31
231 137
-65,30
231 136
-66,29
230 135
-67,28
229 134
-68,27
228 133
-69,27
227 133
-70,28
226 134
-71,29
225 135
-72,30
224 136
-73,31
223 137
-74,32
222 138
-75,32
221 138
-76,32
220 138
-77,32
219 138
-78,32
218 138
-79,32
217 138
-80,32
216 138
-81,32
215 138
-82,32
214 138
-83,33
213 139
-84,34
212 140
-85,35
211 141
-86,36
210 142
-87,37
209 143
-88,38
208 144
-88,39
208 145
-87,40
209 146
-86,41
210 147
-85,40
211 146
-84,39
212 145
-83,38
213 144
-82,37
214 143
-82,36
214 142
-83,35
213 141
-85,33
211 139
-86,32
210 138
-87,31
209 137
-88,30
208 136
-89,29
207 135
-90,28
206 134
-91,27
205 133
-92,26
204 132
-93,25
203 131
-94,25
202 131
-95,26
201 132
-96,27
200 133
-97,28
199 134
-98,28
198 134
-99,28
197 134
-100,28
196 134
-101,28
195 134
-102,28
194 134
-103,27
193 133
-104,28
192 134
-105,29
191 135
-106,30
190 136
-105,31
191 137
-104,32
192 138
-103,33
193 139
-102,34
194 140
-101,34
195 140
-100,34
196 140
-99,34
197 140
-98,34
198 140
-97,34
199 140
-96,34
200 140
-95,33
201 139
-94,32
202 138
-93,32
203 138
-92,32
204 138
-91,32
205 138
-90,32
206 138
-89,32
207 138
-88,32
208 138
-86,30
210 136
-85,29
211 135
-84,30
212 136
-83,31
213 137
-81,33
215 139
-80,34
216 140
-79,35
217 141
-78,36
218 142
-77,37
219 143
-76,37
220 143
-76,36
220 142
-76,35
220 141
-75,34
221 140
-74,33
222 139
-76,31
220 137
-77,30
219 136
-78,29
218 135
-79,28
217 134
-80,27
216 133
-81,26
215 132
-82,25
214 131
-83,24
213 130
-84,23
212 129
-85,22
211 128
-86,21
210 127
-87,20
209 126
-88,19
208 125
-89,18
207 124
-90,17
206 123
-91,16
205 122
-92,15
204 121
-93,14
203 120
-94,13
202 119
-95,12
201 118
-96,11
200 117
-97,10
199 116
-98,9
198 115
-99,8
197 114
-100,7
196 113
-101,7
195 113
-102,7
194 113
-103,7
193 113
-104,7
192 113
-105,7
191 113
-106,7
190 113
-107,6
189 112
-108,5
188 111
-109,4
187 110
-110,3
186 109
-111,2
185 108
-112,1
184 107
-113,0
183 106
-114,-1
182 105
-115,-2
181 104
-116,-3
180 103
-117,-2
179 104
-118,-1
178 105
-119,0
177 106
-120,-1
176 105
-121,-2
175 104
-122,-3
174 103
-123,-4
173 102
-124,-5
172 101
-125,-5
171 101
-126,-5
170 101
-127,-4
169 102
-128,-3
168 103
-129,-2
167 104
-130,-1
166 105
-131,0
165 106
-132,1
164 107
-133,2
163 108
-134,3
162 109
-135,3
161 109
-136,3
160 109
-137,3
159 109
-138,3
158 109
-139,2
157 108
-140,1
156 107
-141,0
155 106
-142,-1
154 105
-143,-2
153 104
-144,-3
152 103
-145,-4
151 102
-146,-5
150 101
-147,-6
149 100
-148,-7
148 99
-149,-8
147 98
-150,-9
146 97
-151,-10
145 96
-152,-11
144 95
-153,-12
143 94
-154,-13
142 93
-155,-14
141 92
-156,-15
140 91
-157,-14
139 92
-158,-15
138 91
-159,-16
137 90
-160,-15
136 91
-161,-14
135 92
-162,-13
134 93
-163,-12
133 94
-164,-11
132 95
-163,-10
133 96
-162,-9
134 97
-161,-8
135 98
-160,-7
136 99
-159,-6
137 100
-158,-5
138 101
-157,-4
139 102
-156,-3
140 103
-155,-2
141 104
-154,-1
142 105
-155,0
141 106
-156,1
140 107
-157,2
139 108
-158,3
138 109
-159,4
137 110
-160,5
136 111
-161,6
135 112
-162,7
134 113
-163,8
133 114
-164,9
132 115
-165,10
131 116
-166,11
130 117
-167,10
129 116
-168,9
128 115
-169,8
127 114
-169,7
127 113
-168,6
128 112
-167,5
129 111
-167,4
129 110
-167,3
129 109
-166,4
130 110
-170,8
126 114
-171,9
125 115
-172,10
124 116
-173,11
123 117
-173,12
123 118
-173,13
123 119
-174,14
122 120
-175,15
121 121
-176,16
120 122
-177,17
119 123
-177,18
119 124
-176,19
120 125
-175,20
121 126
-176,18
120 124
-176,17
120 123
-176,15
120 121
-175,14
121 120
-174,13
122 119
-172,11
124 117
-171,12
125 118
-170,13
126 119
-169,14
127 120
-168,14
128 120
-167,13
129 119
-166,12
130 118
-165,11
131 117
-164,10
132 116
-163,9
133 115
-162,10
134 116
-161,11
135 117
-160,12
136 118
-159,13
137 119
-159,14
137 120
-160,15
136 121
-161,16
135 122
-162,17
134 123
-163,18
133 124
-164,19
132 125
-165,19
131 125
-166,19
130 125
-167,19
129 125
-168,20
128 126
-169,20
127 126
-170,19
126 125
-168,21
128 127
-167,20
129 126
-165,18
131 124
-164,17
132 123
-162,19
134 125
-161,20
135 126
-161,21
135 127
-161,22
135 128
-160,23
136 129
-160,24
136 130
-160,25
136 131
-160,26
136 132
-160,27
136 133
-160,28
136 134
-161,29
135 135
-162,30
134 136
-163,31
133 137
-164,32
132 138
-165,33
131 139
-166,34
130 140
-167,34
129 140
-168,35
128 141
-169,36
127 142
-170,37
126 143
-171,38
125 144
-172,39
124 145
-173,40
123 146
-174,41
122 147
-175,42
121 148
-176,43
120 149
-177,44
119 150
-178,45
118 151
-179,46
117 152
-180,47
116 153
-181,48
115 154
-182,47
114 153
-183,46
113 152
-184,45
112 151
-185,44
111 150
-186,44
110 150
-187,45
109 151
-188,46
108 152
-189,47
107 153
-190,46
106 152
-191,47
105 153
-191,48
105 154
-190,49
106 155
-189,50
107 156
-188,51
108 157
-187,52
109 158
-186,53
110 159
-185,54
111 160
-184,55
112 161
-183,56
113 162
-182,57
114 163
-181,58
115 164
-180,57
116 163
-179,57
117 163
-178,57
118 163
-177,57
119 163
-176,57
120 163
-175,58
121 164
-174,59
122 165
-173,60
123 166
-172,61
124 167
-171,62
125 168
-170,62
126 168
-169,63
127 169
-168,64
128 170
-167,65
129 171
-166,66
130 172
-165,67
131 173
-164,67
132 173
-163,66
133 172
-162,65
134 171
-161,66
135 172
-160,67
136 173
-159,68
137 174
-158,69
138 175
-157,70
139 176
-156,70
140 176
-155,69
141 175
-154,68
142 174
-154,67
142 173
-155,66
141 172
-156,65
140 171
-157,64
139 170
-158,63
138 169
-159,62
137 168
-160,61
136 167
-161,60
135 166
-162,59
134 165
-163,58
133 164
-164,57
132 163
-163,56
133 162
-162,55
134 161
-162,54
134 160
-161,53
135 159
-160,52
136 158
-159,51
137 157
-158,50
138 156
-157,49
139 155
-156,48
140 154
-155,47
141 153
-154,46
142 152
-153,45
143 151
-152,44
144 150
-151,43
145 149
-150,42
146 148
-149,41
147 147
-148,40
148 146
-147,39
149 145
-146,38
150 144
-145,37
151 143
-144,36
152 142
-143,35
153 141
-142,34
154 140
-141,33
155 139
-140,32
156 138
-139,31
157 137
-138,30
158 136
-137,29
159 135
-136,28
160 134
-135,28
161 134
-134,28
162 134
-133,28
163 134
-132,28
164 134
-131,27
165 133
-130,26
166 132
-129,25
167 131
-128,24
168 130
-127,23
169 129
-126,22
170 128
-125,22
171 128
-124,23
172 129
-123,24
173 130
-122,25
174 131
-121,26
175 132
-120,27
176 133
-119,28
177 134
-118,29
178 135
-117,30
179 136
-116,31
180 137
-115,32
181 138
-114,33
182 139
-113,34
183 140
-112,35
184 141
-111,36
185 142
-110,37
186 143
-109,38
187 144
-108,39
188 145
-107,40
189 146
-108,41
188 147
-109,42
187 148
-110,43
186 149
-110,44
186 150
-109,45
187 151
-108,46
188 152
-107,47
189 153
-106,48
190 154
-105,49
191 155
-104,50
192 156
-103,51
193 157
-102,50
194 156
-101,49
195 155
-102,48
194 154
-103,47
193 153
-104,46
192 152
-105,45
191 151
-106,44
190 150
-107,43
189 149
-107,42
189 148
-106,41
190 147
-105,40
191 146
-104,39
192 145
-103,38
193 144
-104,37
192 143
-105,36
191 142
-106,35
190 141
-107,34
189 140
-106,33
190 139
-105,32
191 138
-104,31
192 137
-103,30
193 136
-102,29
194 135
-101,29
195 135
-99,27
197 133
-98,26
198 132
-97,25
199 131
-96,24
200 130
-95,23
201 129
-94,22
202 128
-93,21
203 127
-92,20
204 126
-91,19
205 125
-93,19
203 125
-94,18
202 124
-95,17
201 123
-96,17
200 123
-97,17
199 123
-98,17
198 123
-99,18
197 124
-100,19
196 125
-101,20
195 126
-102,21
194 127
-103,21
193 127
-104,20
192 126
-105,19
191 125
-105,20
191 126
-106,21
190 127
-107,22
189 128
-108,23
188 129
-109,24
187 130
-110,25
186 131
-111,24
185 130
-112,23
184 129
-109,26
187 132
-108,27
188 133
-107,28
189 134
-106,29
190 135
-105,30
191 136
-105,28
191 134
-105,27
191 133
-106,26
190 132
-107,25
189 131
-108,24
188 130
-109,23
187 129
-110,22
186 128
-111,21
185 127
-112,20
184 126
-106,27
190 133
-106,28
190 134
-107,30
189 136
-108,29
188 135
-109,28
187 134
-110,27
186 133
-111,26
185 132
-112,25
184 131
-113,24
183 130
-114,23
182 129
-115,22
181 128
-116,21
180 127
-117,20
179 126
-118,19
178 125
-119,18
177 124
-120,17
176 123
-121,16
175 122
-121,15
175 121
-120,14
176 120
-119,13
177 119
-118,12
178 118
-122,16
174 122
-123,16
173 122
-124,15
172 121
-125,14
171 120
-126,13
170 119
-124,14
172 120
-123,15
173 121
-121,17
175 123
-120,18
176 124
-119,19
177 125
-106,31
190 137
-100,29
196 135
-99,29
197 135
-98,29
198 135
-97,29
199 135
-96,28
200 134
-95,27
201 133
-94,26
202 132
-92,24
204 130
-91,23
205 129
-90,22
206 128
-89,21
207 127
-88,20
208 126
-87,19
209 125
-86,18
210 124
-85,17
211 123
-84,16
212 122
-83,16
213 122
-82,17
214 123
-81,18
215 124
-80,17
216 123
-79,16
217 122
-78,15
218 121
-77,14
219 120
-76,13
220 119
-76,12
220 118
-76,11
220 117
-76,10
220 116
-76,9
220 115
-76,8
220 114
-76,7
220 113
-76,6
220 112
-75,5
221 111
-74,4
222 110
-73,3
223 109
-72,2
224 108
-71,1
225 107
-70,2
226 108
-69,3
227 109
-68,4
228 110
-67,5
229 111
-66,6
230 112
-65,7
231 113
-64,8
232 114
-63,9
233 115
-62,10
234 116
-61,11
235 117
-62,12
234 118
-63,13
233 119
-64,14
232 120
-65,13
231 119
-66,12
230 118
-67,13
229 119
-68,14
228 120
-68,15
228 121
-67,16
229 122
-66,17
230 123
-65,18
231 124
-64,19
232 125
-63,20
233 126
-62,21
234 127
-61,22
235 128
-61,23
235 129
-61,25
235 131
-60,26
236 132
-60,27
236 133
-60,28
236 134
-60,29
236 135
-61,30
235 136
-62,31
234 137
-63,32
233 138
-64,33
232 139
-65,34
231 140
-66,35
230 141
-67,36
229 142
-68,37
228 143
-69,38
227 144
-70,39
226 145
-71,40
225 146
-72,40
224 146
-73,40
223 146
-74,40
222 146
-75,40
221 146
-76,40
220 146
-77,40
219 146
-78,40
218 146
-79,40
217 146
-80,40
216 146
-81,40
215 146
-82,40
214 146
-81,41
215 147
-80,42
216 148
-79,43
217 149
-78,44
218 150
-77,45
219 151
-76,46
220 152
-75,47
221 153
-74,48
222 154
-73,49
223 155
-73,50
223 156
-72,51
224 157
-71,52
225 158
-70,53
226 159
-69,54
227 160
-70,55
226 161
-71,55
225 161
-72,54
224 160
-73,53
223 159
-74,52
222 158
-75,51
221 157
-76,50
220 156
-77,49
219 155
-78,48
218 154
-79,47
217 153
-80,46
216 152
-81,45
215 151
-82,44
214 150
-83,43
213 149
-84,42
212 148
-85,41
211 147
-86,40
210 146
-87,39
209 145
-89,37
207 143
-90,36
206 142
-91,35
205 141
-92,34
204 140
-93,33
203 139
-91,31
205 137
-90,30
206 136
-91,30
205 136
-92,31
204 137
-93,31
203 137
-94,30
202 136
-95,29
201 135
-97,27
199 133
-99,25
197 131
-100,24
196 130
-101,23
195 129
-102,22
194 128
-104,19
192 125
-105,18
191 124
-106,17
190 123
-107,16
189 122
-108,15
188 121
-109,14
187 120
-110,13
186 119
-111,12
185 118
-112,11
184 117
-113,10
183 116
-114,9
182 115
-115,8
181 114
-116,7
180 113
-117,6
179 112
-118,5
178 111
-119,4
177 110
-120,5
176 111
-120,6
176 112
-120,7
176 113
-120,8
176 114
-120,9
176 115
-120,10
176 116
-120,11
176 117
-120,12
176 118
-120,13
176 119
-121,14
175 120
-122,15
174 121
-124,17
172 123
-125,18
171 124
-126,19
170 125
-127,20
169 126
-128,21
168 127
-129,22
167 128
-130,23
166 129
-131,24
165 130
-132,25
164 131
-133,26
163 132
-134,25
162 131
-135,25
161 131
-136,25
160 131
-137,25
159 131
-138,24
158 130
-139,23
157 129
-140,22
156 128
-141,23
155 129
-142,24
154 130
-143,25
153 131
-144,26
152 132
-145,27
151 133
-146,28
150 134
-145,29
151 135
-145,30
151 136
-145,31
151 137
-145,32
151 138
-146,32
150 138
-147,31
149 137
-147,32
149 138
-146,33
150 139
-145,34
151 140
-144,35
152 141
-142,35
154 141
-141,34
155 140
-140,33
156 139
-139,32
157 138
-138,31
158 137
-137,30
159 136
-136,29
160 135
-134,27
162 133
-130,25
166 131
-129,26
167 132
-128,27
168 133
-127,28
169 134
-127,29
169 135
-128,30
168 136
-129,31
167 137
-130,31
166 137
-131,30
165 136
-132,29
164 135
-135,26
161 132
-138,25
158 131
-139,25
157 131
-140,25
156 131
-139,26
157 132
-138,27
158 133
-137,28
159 134
-138,29
158 135
-139,30
157 136
-140,31
156 137
-141,32
155 138
-142,33
154 139
-143,34
153 140
-145,36
151 142
-145,35
151 141
-146,35
150 141
-147,35
149 141
-148,34
148 140
-149,33
147 139
-150,32
146 138
-151,31
145 137
-152,30
144 136
-153,29
143 135
-154,28
142 134
-155,27
141 133
-156,26
140 132
-157,25
139 131
-158,24
138 130
-159,23
137 129
-160,22
136 128
-162,20
134 126
-163,19
133 125
-163,17
133 123
-163,16
133 122
-163,15
133 121
-162,14
134 120
-161,13
135 119
-159,11
137 117
-158,10
138 116
-157,9
139 115
-156,9
140 115
-155,9
141 115
-154,9
142 115
-153,10
143 116
-152,11
144 117
-151,12
145 118
-150,13
146 119
-149,14
147 120
-148,15
148 121
-147,16
149 122
-146,17
150 123
-145,18
151 124
-144,19
152 125
-143,20
153 126
-142,21
154 127
-141,22
155 128
-140,23
156 129
-139,24
157 130
-138,23
158 129
-137,22
159 128
-136,21
160 127
-135,20
161 126
-134,19
162 125
-133,18
163 124
-132,17
164 123
-131,17
165 123
-130,17
166 123
-129,17
167 123
-128,17
168 123
-127,17
169 123
-126,17
170 123
-124,19
172 125
-123,20
173 126
-122,21
174 127
-121,22
175 128
-120,23
176 129
-119,24
177 130
-118,25
178 131
-117,26
179 132
-117,27
179 133
-118,28
178 134
-119,29
177 135
-120,30
176 136
-121,31
175 137
-121,32
175 138
-121,33
175 139
-122,34
174 140
-123,35
173 141
-124,36
172 142
-125,37
171 143
-126,36
170 142
-127,35
169 141
-128,34
168 140
-129,35
167 141
-130,36
166 142
-131,37
165 143
-132,38
164 144
-133,39
163 145
-134,40
162 146
-135,41
161 147
-136,42
160 148
-137,43
159 149
-138,44
158 150
-139,45
157 151
-140,46
156 152
-141,47
155 153
-140,48
156 154
-139,49
157 155
-138,50
158 156
-137,51
159 157
-136,52
160 158
-137,53
159 159
-138,54
158 160
-139,55
157 161
-140,56
156 162
-141,57
155 163
-142,58
154 164
-143,59
153 165
-144,60
152 166
-145,60
151 166
-146,59
150 165
-147,58
149 164
-148,57
148 163
-149,56
147 162
-149,55
147 161
-149,54
147 160
-149,53
147 159
-149,52
147 158
-149,51
147 157
-149,50
147 156
-150,49
146 155
-151,48
145 154
-152,47
144 153
-153,46
143 152
-154,45
142 151
-155,44
141 150
-156,43
140 149
-157,42
139 148
-158,41
138 147
-159,40
137 146
-160,39
136 145
-161,38
135 144
-162,37
134 143
-163,36
133 142
-164,35
132 141
-164,34
132 140
-163,33
133 139
-162,32
134 138
-161,31
135 137
-160,30
136 136
-159,29
137 135
-161,27
135 133
-162,26
134 132
-162,25
134 131
-161,24
135 130
-159,22
137 128
-160,21
136 127
-163,20
133 126
-162,21
134 127
-160,19
136 125
-159,18
137 124
-158,17
138 123
-157,16
139 122
-156,15
140 121
-155,14
141 120
-154,13
142 119
-153,12
143 118
-151,10
145 116
-150,9
146 115
-149,8
147 114
-148,7
148 113
-147,6
149 112
-146,5
150 111
-145,4
151 110
-144,4
152 110
-143,3
153 109
-142,2
154 108
-141,1
155 107
-140,0
156 106
-139,-1
157 105
-138,-2
158 104
-137,-3
159 103
-136,-3
160 103
-135,-3
161 103
-134,-3
162 103
-133,-4
163 102
-132,-5
164 101
-131,-6
165 100
-130,-7
166 99
-129,-8
167 98
-128,-9
168 97
-127,-10
169 96
-126,-9
170 97
-125,-8
171 98
-124,-7
172 99
-123,-7
173 99
-122,-7
174 99
-121,-7
175 99
-120,-6
176 100
-119,-5
177 101
-118,-4
178 102
-117,-3
179 103
-116,-2
180 104
-115,-1
181 105
-116,-1
180 105
-115,0
181 106
-114,1
182 107
-114,2
182 108
-114,3
182 109
-115,4
181 110
-116,5
180 111
-115,6
181 112
-114,7
182 113
-113,8
183 114
-112,9
184 115
-111,8
185 114
-110,8
186 114
-109,9
187 115
-108,9
188 115
-107,9
189 115
-106,8
190 114
-104,6
192 112
-103,8
193 114
-104,9
192 115
-105,8
191 114
-110,4
186 110
-111,4
185 110
-112,4
184 110
-113,4
183 110
-114,4
182 110
-115,3
181 109
-116,2
180 108
-117,1
179 107
-118,0
178 106
-119,-1
177 105
-120,-2
176 104
-121,-3
175 103
-122,-4
174 102
-123,-5
173 101
-124,-6
172 100
-125,-7
171 99
-126,-8
170 98
-127,-9
169 97
-133,-6
163 100
-134,-7
162 99
-135,-8
161 98
-136,-9
160 97
-137,-10
159 96
-138,-11
158 95
-139,-12
157 94
-140,-13
156 93
-141,-13
155 93
-142,-13
154 93
-143,-14
153 92
-144,-14
152 92
-145,-13
151 93
-146,-12
150 94
-147,-11
149 95
-146,-10
150 96
-145,-9
151 97
-144,-9
152 97
-143,-10
153 96
-142,-11
154 95
-141,-12
155 94
-139,-14
157 92
-138,-15
158 91
-137,-16
159 90
-136,-17
160 89
-135,-18
161 88
-134,-18
162 88
-133,-18
163 88
-132,-17
164 89
-131,-18
165 88
-131,-19
165 87
-131,-20
165 86
-130,-21
166 85
-129,-22
167 84
-128,-23
168 83
-127,-23
169 83
-126,-23
170 83
-125,-24
171 82
-124,-25
172 81
-123,-26
173 80
-122,-27
174 79
-121,-28
175 78
-120,-29
176 77
-119,-30
177 76
-118,-31
178 75
-117,-32
179 74
-116,-33
180 73
-115,-34
181 72
-114,-35
182 71
-113,-36
183 70
-112,-37
184 69
-111,-38
185 68
-110,-39
186 67
-119,-31
177 75
-120,-31
176 75
-121,-32
175 74
-122,-33
174 73
-123,-34
173 72
-124,-35
172 71
-125,-36
171 70
-125,-35
171 71
-124,-36
172 70
-125,-37
171 69
-126,-38
170 68
-127,-38
169 68
-128,-37
168 69
-129,-36
167 70
-130,-35
166 71
-131,-34
165 72
-132,-33
164 73
-128,-38
168 68
-128,-39
168 67
-129,-40
167 66
-130,-41
166 65
-131,-42
165 64
-132,-43
164 63
-133,-44
163 62
-134,-45
162 61
-135,-46
161 60
-136,-47
160 59
-137,-48
159 58
-138,-49
158 57
-139,-50
157 56
-140,-51
156 55
-141,-52
155 54
-142,-53
154 53
-143,-54
153 52
-144,-54
152 52
-143,-53
153 53
-142,-52
154 54
-142,-51
154 55
-143,-50
153 56
-144,-49
152 57
-143,-48
153 58
-142,-47
154 59
-141,-46
155 60
-141,-45
155 61
-142,-44
154 62
-143,-43
153 63
-144,-42
152 64
-145,-41
151 65
-146,-40
150 66
-147,-39
149 67
-148,-38
148 68
-149,-37
147 69
-150,-36
146 70
-151,-35
145 71
-152,-34
144 72
-153,-33
143 73
-154,-32
142 74
-155,-31
141 75
-155,-30
141 76
-154,-29
142 77
-153,-28
143 78
-154,-27
142 79
-155,-26
141 80
-156,-25
140 81
-157,-24
139 82
-158,-23
138 83
-159,-22
137 84
-160,-21
136 85
-161,-20
135 86
-162,-19
134 87
-161,-18
135 88
-160,-17
136 89
-156,-13
140 93
-155,-12
141 94
-154,-11
142 95
-153,-10
143 96
-152,-9
144 97
-151,-8
145 98
-150,-7
146 99
-149,-7
147 99
-148,-8
148 98
-149,-9
147 97
-150,-10
146 96
-151,-11
145 95
-152,-12
144 94
-153,-13
143 93
-152,-14
144 92
-151,-15
145 91
-150,-16
146 90
-149,-17
147 89
-148,-18
148 88
-147,-19
149 87
-146,-20
150 86
-145,-21
151 85
-144,-22
152 84
-143,-23
153 83
-142,-24
154 82
-141,-25
155 81
-140,-26
156 80
-139,-26
157 80
-138,-25
158 81
-137,-24
159 82
-136,-23
160 83
-135,-22
161 84
-134,-21
162 85
-133,-20
163 86
-132,-19
164 87
-132,-18
164 88
-133,-17
163 89
-134,-16
162 90
-135,-15
161 91
-136,-14
160 92
-137,-14
159 92
-138,-14
158 92
-145,-8
151 98
-146,-7
150 99
-148,-5
148 101
-149,-4
147 102
-150,-3
146 103
-151,-2
145 104
-152,-1
144 105
-153,0
143 106
-154,1
142 107
-155,2
141 108
-156,3
140 109
-157,4
139 110
-158,5
138 111
-159,6
137 112
-160,6
136 112
-162,6
134 112
-163,7
133 113
-164,8
132 114
-165,9
131 115
-166,10
130 116
-167,11
129 117
-168,12
128 118
-169,13
127 119
-170,14
126 120
-171,15
125 121
-172,16
124 122
-173,17
123 123
-174,18
122 124
-173,18
123 124
-172,19
124 125
-171,20
125 126
-170,21
126 127
-169,22
127 128
-168,23
128 129
-167,22
129 128
-166,21
130 127
-166,22
130 128
-167,23
129 129
-168,24
128 130
-169,25
127 131
-170,24
126 130
-171,23
125 129
-172,22
124 128
-173,21
123 127
-174,20
122 126
-175,19
121 125
-178,16
118 122
-179,16
117 122
-180,17
116 123
-181,18
115 124
-182,19
114 125
-183,20
113 126
-182,21
114 127
-181,21
115 127
-180,20
116 126
-179,19
117 125
-178,18
118 124
-177,14
119 120
-178,13
118 119
-179,12
117 118
-179,11
117 117
-179,10
117 116
-180,9
116 115
-181,8
115 114
-182,7
114 113
-183,6
113 112
-184,5
112 111
-185,4
111 110
-186,3
110 109
-187,2
109 108
-188,1
108 107
-189,0
107 106
-190,-1
106 105
-191,-2
105 104
-192,-2
104 104
-193,-2
103 104
-194,-2
102 104
-195,-2
101 104
-196,-2
100 104
-197,-2
99 104
-198,-2
98 104
-199,-3
97 103
-200,-4
96 102
-201,-5
95 101
-202,-6
94 100
-203,-7
93 99
-204,-8
92 98
-205,-9
91 97
-204,-10
92 96
-203,-11
93 95
-202,-12
94 94
-201,-13
95 93
-200,-14
96 92
-199,-15
97 91
-198,-16
98 90
-197,-17
99 89
-196,-18
100 88
-196,-19
100 87
-196,-20
100 86
-196,-21
100 85
-196,-22
100 84
-195,-23
101 83
-194,-22
102 84
-193,-21
103 85
-192,-22
104 84
-191,-22
105 84
-190,-22
106 84
-189,-22
107 84
-188,-22
108 84
-187,-22
109 84
-186,-22
110 84
-185,-22
111 84
-184,-22
112 84
-183,-21
113 85
-182,-20
114 86
-181,-19
115 87
-180,-18
116 88
-179,-17
117 89
-178,-16
118 90
-177,-15
119 91
-176,-14
120 92
-175,-13
121 93
-175,-12
121 94
-174,-11
122 95
-173,-10
123 96
-172,-10
124 96
-171,-10
125 96
-170,-10
126 96
-169,-10
127 96
-170,-11
126 95
-171,-11
125 95
-172,-12
124 94
-173,-11
123 95
-174,-10
122 96
-175,-9
121 97
-176,-8
120 98
-177,-7
119 99
-178,-7
118 99
-179,-7
117 99
-180,-7
116 99
-181,-7
115 99
-182,-7
114 99
-183,-7
113 99
-182,-8
114 98
-181,-9
115 97
-181,-10
115 96
-181,-11
115 95
-181,-12
115 94
-181,-13
115 93
-181,-14
115 92
-181,-15
115 91
-181,-16
115 90
-181,-17
115 89
-181,-18
115 88
-180,-19
116 87
-180,-20
116 86
-180,-21
116 85
-180,-22
116 84
-180,-23
116 83
-180,-24
116 82
-180,-25
116 81
-180,-26
116 80
-179,-27
117 79
-178,-28
118 78
-177,-29
119 77
-176,-30
120 76
-175,-31
121 75
-174,-32
122 74
-173,-33
123 73
-172,-33
124 73
-171,-32
125 74
-170,-31
126 75
-169,-30
127 76
-168,-29
128 77
-167,-28
129 78
-166,-27
130 79
-165,-26
131 80
-164,-25
132 81
-163,-24
133 82
-162,-23
134 83
-161,-22
135 84
-159,-21
137 85
-158,-21
138 85
-157,-21
139 85
-156,-21
140 85
-155,-21
141 85
-154,-21
142 85
-153,-21
143 85
-152,-21
144 85
-151,-21
145 85
-150,-21
146 85
-149,-21
147 85
-150,-22
146 84
-151,-23
145 83
-152,-24
144 82
-153,-25
143 81
-154,-25
142 81
-155,-24
141 82
-156,-23
140 83
-157,-22
139 84
-159,-20
137 86
-160,-20
136 86
-162,-20
134 86
-163,-20
133 86
-158,-16
138 90
-157,-15
139 91
-156,-14
140 92
-155,-13
141 93
-154,-12
142 94
-151,-12
145 94
-150,-11
146 95
-149,-10
147 96
-148,-9
148 97
-152,-13
144 93
-153,-14
143 92
-154,-15
142 91
-155,-16
141 90
-156,-17
140 89
-157,-17
139 89
-158,-17
138 89
-159,-18
137 88
-160,-19
136 87
-162,-21
134 85
-163,-22
133 84
-164,-23
132 83
-165,-24
131 82
-166,-25
130 81
-167,-26
129 80
-168,-27
128 79
-169,-28
127 78
-170,-28
126 78
-171,-28
125 78
-172,-28
124 78
-173,-28
123 78
-174,-28
122 78
-173,-27
123 79
-174,-26
122 80
-175,-25
121 81
-176,-24
120 82
-177,-23
119 83
-178,-22
118 84
-179,-21
117 85
-179,-20
117 86
-178,-19
118 87
-177,-18
119 88
-176,-17
120 89
-175,-16
121 90
-174,-15
122 91
-174,-14
122 92
-174,-13
122 93
-173,-12
123 94
-172,-11
124 95
-170,-9
126 97
-169,-8
127 98
-168,-7
128 99
-167,-6
129 100
-166,-5
130 101
-165,-4
131 102
-164,-3
132 103
-163,-2
133 104
-163,-1
133 105
-164,0
132 106
-165,1
131 107
-166,2
130 108
-168,4
128 110
-169,5
127 111
-170,6
126 112
-171,7
125 113
-172,8
124 114
-172,9
124 115
-172,12
124 118
-172,13
124 119
-172,14
124 120
-172,15
124 121
-172,17
124 123
-171,18
125 124
-167,21
129 127
-166,20
130 126
-164,18
132 124
-165,17
131 123
-166,16
130 122
-167,15
129 121
-168,15
128 121
-169,15
127 121
-170,15
126 121
-173,15
123 121
-174,15
122 121
-175,16
121 122
-177,16
119 122
-180,16
116 122
-181,16
115 122
-180,15
116 121
-179,14
117 120
-179,13
117 119
-179,9
117 115
-180,8
116 114
-181,7
115 113
-182,6
114 112
-183,5
113 111
-184,4
112 110
-185,3
111 109
-186,2
110 108
-187,1
109 107
-188,0
108 106
-189,-1
107 105
-189,-2
107 104
-189,-3
107 103
-189,-4
107 102
-189,-5
107 101
-188,-6
108 100
-187,-7
109 99
-186,-8
110 98
-185,-9
111 97
-184,-9
112 97
-183,-8
113 98
-183,-6
113 100
-184,-5
112 101
-185,-4
111 102
-186,-3
110 103
-187,-2
109 104
-188,-2
108 104
-190,-4
106 102
-191,-5
105 101
-192,-6
104 100
-193,-7
103 99
-194,-8
102 98
-195,-9
101 97
-196,-10
100 96
-197,-11
99 95
-198,-12
98 94
-199,-13
97 93
-201,-15
95 91
-202,-16
94 90
-203,-17
93 89
-204,-17
92 89
-205,-17
91 89
-206,-17
90 89
-207,-17
89 89
-208,-17
88 89
-209,-17
87 89
-210,-17
86 89
-211,-17
85 89
-212,-17
84 89
-213,-16
83 90
-214,-15
82 91
-215,-14
81 92
-216,-13
80 93
-217,-12
79 94
-216,-11
80 95
-215,-10
81 96
-214,-9
82 97
-213,-8
83 98
-212,-7
84 99
-211,-6
85 100
-210,-5
86 101
-209,-4
87 102
-209,-3
87 103
-210,-2
86 104
-211,-3
85 103
-211,-4
85 102
-211,-5
85 101
-210,-7
86 99
-209,-8
87 98
-208,-9
88 97
-207,-10
89 96
-207,-11
89 95
-207,-12
89 94
-207,-13
89 93
-207,-14
89 92
-207,-15
89 91
-207,-16
89 90
-207,-18
89 88
-206,-19
90 87
-205,-20
91 86
-204,-21
92 85
-203,-22
93 84
-202,-23
94 83
-201,-24
95 82
-202,-25
94 81
-203,-26
93 80
-204,-27
92 79
-205,-26
91 80
-206,-25
90 81
-207,-24
89 82
-208,-23
88 83
-209,-23
87 83
-210,-23
86 83
-211,-23
85 83
-212,-23
84 83
-213,-23
83 83
-214,-24
82 82
-215,-25
81 81
-216,-26
80 80
-217,-27
79 79
-218,-28
78 78
-219,-27
77 79
-220,-28
76 78
-221,-29
75 77
-222,-30
74 76
-223,-31
73 75
-224,-32
72 74
-225,-31
71 75
-226,-32
70 74
-227,-33
69 73
-228,-34
68 72
-229,-35
67 71
-230,-36
66 70
-231,-35
65 71
-232,-34
64 72
-233,-34
63 72
-234,-34
62 72
-235,-34
61 72
-236,-34
60 72
-237,-34
59 72
-238,-34
58 72
-239,-34
57 72
-240,-35
56 71
-241,-36
55 70
-242,-37
54 69
-243,-38
53 68
-244,-39
52 67
-245,-40
51 66
-246,-41
50 65
-247,-42
49 64
-248,-43
48 63
-249,-44
47 62
-250,-44
46 62
-251,-43
45 63
-252,-42
44 64
-253,-41
43 65
-254,-40
42 66
-255,-39
41 67
-256,-38
40 68
-257,-37
39 69
-258,-36
38 70
-259,-35
37 71
-260,-35
36 71
-261,-35
35 71
-262,-36
34 70
-263,-37
33 69
-264,-38
32 68
-265,-39
31 67
-266,-40
30 66
-267,-41
29 65
-268,-42
28 64
-269,-43
27 63
-270,-44
26 62
-271,-45
25 61
-272,-45
24 61
-273,-46
23 60
-274,-47
22 59
-275,-48
21 58
-275,-49
21 57
-274,-50
22 56
-273,-51
23 55
-272,-52
24 54
-271,-52
25 54
-270,-52
26 54
-269,-52
27 54
-268,-52
28 54
-267,-52
29 54
-266,-52
30 54
-265,-52
31 54
-264,-52
32 54
-263,-52
33 54
-262,-52
34 54
-261,-52
35 54
-260,-52
36 54
-259,-53
37 53
-258,-54
38 52
-257,-55
39 51
-256,-56
40 50
-255,-57
41 49
-254,-58
42 48
-253,-59
43 47
-252,-60
44 46
-251,-61
45 45
-250,-62
46 44
-249,-63
47 43
-248,-64
48 42
-247,-64
49 42
-246,-63
50 43
-245,-62
51 44
-244,-61
52 45
-245,-60
51 46
-246,-59
50 47
-247,-58
49 48
-248,-57
48 49
-249,-56
47 50
-250,-55
46 51
-251,-54
45 52
-252,-54
44 52
-253,-55
43 51
-254,-56
42 50
-256,-58
40 48
-257,-59
39 47
-258,-60
38 46
-259,-61
37 45
-260,-62
36 44
-261,-63
35 43
-262,-64
34 42
-263,-64
33 42
-264,-64
32 42
-265,-64
31 42
-265,-65
31 41
-265,-66
31 40
-265,-67
31 39
-265,-68
31 38
-265,-69
31 37
-265,-70
31 36
-265,-71
31 35
-265,-72
31 34
-265,-73
31 33
-266,-74
30 32
-266,-75
30 31
-266,-76
30 30
-266,-77
30 29
-267,-78
29 28
-268,-79
28 27
-269,-80
27 26
-270,-81
26 25
-271,-82
25 24
-272,-83
24 23
-273,-82
23 24
-274,-81
22 25
-275,-80
21 26
-274,-79
22 27
-275,-78
21 28
-276,-77
20 29
-277,-76
19 30
-278,-77
18 29
-279,-78
17 28
-280,-79
16 27
-281,-79
15 27
-282,-78
14 28
-283,-79
13 27
-284,-80
12 26
-285,-81
11 25
-286,-82
10 24
-287,-83
9 23
-288,-84
8 22
-289,-85
7 21
-290,-86
6 20
-291,-87
5 19
-290,-88
6 18
-289,-89
7 17
-288,-89
8 17
-287,-88
9 18
-286,-87
10 19
-285,-86
11 20
-284,-85
12 21
-283,-84
13 22
-282,-83
14 23
-281,-82
15 24
-280,-81
16 25
-279,-80
17 26
-278,-80
18 26
-277,-80
19 26
-276,-80
20 26
-274,-80
22 26
-273,-80
23 26
-272,-80
24 26
-273,-81
23 25
-275,-81
21 25
-276,-81
20 25
-277,-81
19 25
-278,-81
18 25
-281,-78
15 28
-281,-77
15 29
-281,-76
15 30
-282,-75
14 31
-283,-74
13 32
-284,-73
12 33
-285,-72
11 34
-284,-71
12 35
-283,-70
13 36
-282,-69
14 37
-281,-69
15 37
-280,-68
16 38
-279,-68
17 38
-278,-68
18 38
-277,-68
19 38
-276,-68
20 38
-275,-68
21 38
-274,-68
22 38
-273,-68
23 38
-272,-68
24 38
-271,-68
25 38
-270,-68
26 38
-269,-68
27 38
-268,-68
28 38
-267,-68
29 38
-266,-68
30 38
-264,-70
32 36
-263,-71
33 35
-262,-72
34 34
-261,-73
35 33
-260,-74
36 32
-260,-75
36 31
-260,-76
36 30
-260,-77
36 29
-259,-78
37 28
-258,-79
38 27
-257,-80
39 26
-256,-81
40 25
-255,-82
41 24
-254,-83
42 23
-253,-84
43 22
-253,-85
43 21
-253,-86
43 20
-253,-87
43 19
-253,-88
43 18
-252,-89
44 17
-251,-90
45 16
-250,-91
46 15
-251,-92
45 14
-252,-93
44 13
-253,-94
43 12
-254,-95
42 11
-255,-96
41 10
-256,-97
40 9
-257,-98
39 8
-258,-99
38 7
-259,-100
37 6
-260,-99
36 7
-261,-98
35 8
-262,-97
34 9
-263,-96
33 10
-264,-95
32 11
-265,-94
31 12
-266,-93
30 13
-267,-92
29 14
-268,-92
28 14
-269,-93
27 13
-270,-93
26 13
-271,-93
25 13
-272,-93
24 13
-273,-93
23 13
-274,-93
22 13
-275,-93
21 13
-276,-93
20 13
-277,-92
19 14
-278,-91
18 15
-279,-90
17 16
-280,-89
16 17
-281,-88
15 18
-282,-87
14 19
-283,-86
13 20
-284,-86
12 20
-286,-86
10 20
-287,-86
9 20
-288,-86
8 20
-289,-86
7 20
-290,-85
6 21
-291,-86
5 20
-292,-87
4 19
-293,-88
3 18
-294,-89
2 17
-295,-90
1 16
-296,-91
0 15
-296,-92
0 14
-295,-93
1 13
-294,-94
2 12
-293,-95
3 11
-292,-96
4 10
-291,-97
5 9
-290,-98
6 8
-289,-99
7 7
-288,-100
8 6
-287,-101
9 5
-286,-102
10 4
-285,-103
11 3
-284,-104
12 2
-283,-103
13 3
-282,-102
14 4
-281,-101
15 5
-280,-100
16 6
-279,-99
17 7
-278,-98
18 8
-277,-97
19 9
-277,-96
19 10
-277,-95
19 11
-277,-94
19 12
-277,-93
19 13
-277,-91
19 15
-277,-90
19 16
-277,-89
19 17
-277,-88
19 18
-277,-87
19 19
-278,-86
18 20
-279,-85
17 21
-278,-84
18 22
-277,-83
19 23
-276,-82
20 24
-273,-79
23 27
-272,-78
24 28
-271,-77
25 29
-270,-76
26 30
-269,-75
27 31
-268,-76
28 30
-267,-75
29 31
-264,-72
32 34
-262,-70
34 36
-261,-69
35 37
-261,-68
35 38
-261,-67
35 39
-261,-66
35 40
-261,-65
35 41
-261,-64
35 42
-261,-62
35 44
-261,-61
35 45
-261,-60
35 46
-261,-59
35 47
-261,-58
35 48
-261,-57
35 49
-261,-56
35 50
-261,-55
35 51
-262,-54
34 52
-262,-53
34 53
-264,-51
32 55
-265,-50
31 56
-266,-49
30 57
-267,-48
29 58
-268,-47
28 59
-267,-46
29 60
-266,-46
30 60
-265,-47
31 59
-264,-48
32 58
-263,-49
33 57
-262,-50
34 56
-261,-51
35 55
-255,-58
41 48
-257,-57
39 49
-258,-56
38 50
-259,-55
37 51
-260,-54
36 52
-261,-53
35 53
-260,-51
36 55
-259,-50
37 56
-258,-49
38 57
-257,-48
39 58
-256,-47
40 59
-255,-46
41 60
-255,-45
41 61
-255,-44
41 62
-255,-43
41 63
-255,-42
41 64
-255,-41
41 65
-253,-39
43 67
-252,-38
44 68
-251,-37
45 69
-250,-36
46 70
-249,-35
47 71
-248,-34
48 72
-247,-33
49 73
-246,-32
50 74
-245,-32
51 74
-244,-33
52 73
-243,-34
53 72
-244,-35
52 71
-245,-36
51 70
-246,-37
50 69
-246,-38
50 68
-246,-39
50 67
-246,-40
50 66
-246,-42
50 64
-246,-43
50 63
-246,-44
50 62
-246,-45
50 61
-245,-44
51 62
-244,-43
52 63
-243,-42
53 64
-242,-41
54 65
-241,-40
55 66
-240,-39
56 67
-239,-38
57 68
-238,-37
58 69
-237,-36
59 70
-243,-41
53 65
-244,-40
52 66
-245,-39
51 67
-247,-37
49 69
-248,-36
48 70
-250,-35
46 71
-251,-36
45 70
-252,-37
44 69
-253,-38
43 68
-252,-39
44 67
-251,-40
45 66
-250,-41
46 65
-249,-42
47 64
-247,-44
49 62
-247,-45
49 61
-246,-46
50 60
-246,-47
50 59
-246,-48
50 58
-246,-49
50 57
-246,-50
50 56
-246,-51
50 55
-246,-52
50 54
-245,-53
51 53
-244,-54
52 52
-243,-55
53 51
-242,-56
54 50
-241,-57
55 49
-240,-58
56 48
-239,-59
57 47
-238,-60
58 46
-237,-61
59 45
-236,-62
60 44
-236,-63
60 43
-237,-64
59 42
-238,-65
58 41
-239,-66
57 40
-240,-67
56 39
-241,-67
55 39
-242,-66
54 40
-243,-65
53 41
-244,-64
52 42
-245,-63
51 43
-246,-62
50 44
-247,-61
49 45
-248,-61
48 45
-249,-61
47 45
-250,-61
46 45
-252,-62
44 44
-253,-63
43 43
-254,-64
42 42
-255,-65
41 41
-256,-66
40 40
-257,-67
39 39
-258,-68
38 38
-259,-69
37 37
-260,-70
36 36
-261,-71
35 35
-263,-73
33 33
-264,-74
32 32
-265,-75
31 31
-267,-77
29 29
-268,-78
28 28
-269,-79
27 27
-270,-80
26 26
-270,-79
26 27
-269,-78
27 28
-268,-77
28 29
-267,-76
29 30
-265,-78
31 28
-264,-79
32 27
-263,-80
33 26
-262,-81
34 25
-261,-81
35 25
-260,-81
36 25
-259,-81
37 25
-258,-81
38 25
-257,-82
39 24
-256,-83
40 23
-255,-84
41 22
-254,-85
42 21
-252,-87
44 19
-251,-88
45 18
-250,-89
46 17
-249,-90
47 16
-248,-91
48 15
-247,-92
49 14
-246,-93
50 13
-245,-94
51 12
-244,-95
52 11
-243,-95
53 11
-242,-95
54 11
-241,-95
55 11
-240,-95
56 11
-239,-96
57 10
-238,-97
58 9
-237,-98
59 8
-236,-99
60 7
-235,-100
61 6
-234,-101
62 5
-233,-102
63 4
-232,-103
64 3
-231,-104
65 2
-230,-105
66 1
-229,-106
67 0
-228,-105
68 1
-227,-104
69 2
-226,-103
70 3
-226,-102
70 4
-226,-101
70 5
-226,-100
70 6
-226,-99
70 7
-226,-98
70 8
-226,-97
70 9
-226,-96
70 10
-226,-95
70 11
-227,-94
69 12
-228,-93
68 13
-229,-92
67 14
-229,-91
67 15
-229,-90
67 16
-229,-89
67 17
-229,-88
67 18
-229,-87
67 19
-229,-86
67 20
-229,-85
67 21
-229,-84
67 22
-229,-83
67 23
-229,-82
67 24
-228,-81
68 25
-227,-80
69 26
-226,-79
70 27
-225,-78
71 28
-224,-77
72 29
-223,-76
73 30
-222,-75
74 31
-221,-74
75 32
-220,-75
76 31
-219,-76
77 30
-218,-77
78 29
-217,-76
79 30
-216,-75
80 31
-215,-74
81 32
-214,-73
82 33
-213,-72
83 34
-212,-72
84 34
-211,-72
85 34
-210,-72
86 34
-209,-72
87 34
-208,-72
88 34
-207,-72
89 34
-206,-72
90 34
-205,-71
91 35
-204,-70
92 36
-203,-69
93 37
-202,-69
94 37
-201,-69
95 37
-200,-69
96 37
-199,-69
97 37
-198,-69
98 37
-197,-69
99 37
-196,-69
100 37
-195,-69
101 37
-194,-69
102 37
-193,-69
103 37
-192,-70
104 36
-191,-71
105 35
-190,-72
106 34
-189,-73
107 33
-188,-74
108 32
-187,-75
109 31
-186,-76
110 30
-187,-77
109 29
-188,-78
108 28
-189,-79
107 27
-190,-80
106 26
-191,-81
105 25
-192,-81
104 25
-193,-80
103 26
-194,-79
102 27
-195,-78
101 28
-196,-77
100 29
-197,-76
99 30
-198,-75
98 31
-199,-74
97 32
-200,-73
96 33
-201,-73
95 33
-202,-73
94 33
-203,-72
93 34
-204,-71
92 35
-205,-70
91 36
-204,-69
92 37
-203,-70
93 36
-202,-71
94 35
-201,-72
95 34
-197,-77
99 29
-197,-78
99 28
-197,-79
99 27
-196,-80
100 26
-195,-81
101 25
-194,-82
102 24
-193,-83
103 23
-192,-84
104 22
-191,-85
105 21
-190,-86
106 20
-189,-87
107 19
-188,-88
108 18
-187,-89
109 17
-186,-90
110 16
-185,-91
111 15
-184,-92
112 14
-184,-93
112 13
-185,-94
111 12
-186,-95
110 11
-187,-96
109 10
-188,-97
108 9
-189,-98
107 8
-190,-97
106 9
-190,-96
106 10
-189,-95
107 11
-188,-94
108 12
-187,-93
109 13
-186,-92
110 14
-184,-91
112 15
-183,-92
113 14
-182,-93
114 13
-181,-94
115 12
-180,-95
116 11
-179,-96
117 10
-179,-95
117 11
-178,-94
118 12
-177,-93
119 13
-177,-92
119 14
-177,-91
119 15
-177,-90
119 16
-177,-89
119 17
-177,-88
119 18
-177,-87
119 19
-177,-86
119 20
-177,-85
119 21
-177,-84
119 22
-177,-83
119 23
-177,-82
119 24
-177,-81
119 25
-177,-80
119 26
-177,-79
119 27
-177,-78
119 28
-177,-77
119 29
-178,-80
118 26
-179,-80
117 26
-180,-80
116 26
-181,-80
115 26
-182,-80
114 26
-183,-80
113 26
-184,-80
112 26
-185,-80
111 26
-186,-80
110 26
-187,-80
109 26
-188,-81
108 25
-189,-82
107 24
-190,-83
106 23
-191,-84
105 22
-192,-85
104 21
-193,-86
103 20
-194,-87
102 19
-195,-88
101 18
-195,-89
101 17
-194,-90
102 16
-193,-91
103 15
-192,-92
104 14
-191,-93
105 13
-190,-94
106 12
-188,-96
108 10
-187,-97
109 9
-186,-98
110 8
-185,-98
111 8
-184,-98
112 8
-183,-98
113 8
-182,-98
114 8
-181,-98
115 8
-180,-98
116 8
-179,-98
117 8
-178,-98
118 8
-177,-98
119 8
-176,-98
120 8
-175,-98
121 8
-174,-97
122 9
-173,-96
123 10
-173,-95
123 11
-174,-94
122 12
-175,-93
121 13
-176,-92
120 14
-178,-90
118 16
-179,-89
117 17
-180,-88
116 18
-181,-87
115 19
-182,-86
114 20
-183,-85
113 21
-184,-84
112 22
-185,-83
111 23
-186,-82
110 24
-187,-81
109 25
-186,-79
110 27
-185,-78
111 28
-184,-77
112 29
-183,-76
113 30
-182,-75
114 31
-181,-74
115 32
-180,-74
116 32
-179,-74
117 32
-178,-74
118 32
-177,-74
119 32
-176,-74
120 32
-175,-74
121 32
-174,-74
122 32
-173,-74
123 32
-172,-75
124 31
-171,-76
125 30
-170,-77
126 29
-169,-78
127 28
-168,-79
128 27
-167,-79
129 27
-166,-78
130 28
-165,-77
131 29
-164,-76
132 30
-163,-75
133 31
-162,-74
134 32
-161,-73
135 33
-160,-72
136 34
-160,-71
136 35
-159,-70
137 36
-158,-69
138 37
-157,-68
139 38
-156,-67
140 39
-155,-66
141 40
-154,-65
142 41
-153,-64
143 42
-152,-63
144 43
-151,-62
145 44
-150,-61
146 45
-149,-60
147 46
-148,-59
148 47
-147,-58
149 48
-146,-57
150 49
-146,-56
150 50
-146,-55
150 51
-146,-54
150 52
-146,-53
150 53
-146,-52
150 54
-147,-53
149 53
-148,-54
148 52
-149,-55
147 51
-150,-56
146 50
-151,-57
145 49
-152,-58
144 48
-151,-59
145 47
-150,-59
146 47
-149,-59
147 47
-147,-59
149 47
-146,-59
150 47
-145,-59
151 47
-146,-60
150 46
-147,-61
149 45
-148,-62
148 44
-147,-63
149 43
-146,-64
150 42
-145,-65
151 41
-144,-66
152 40
-143,-65
153 41
-142,-64
154 42
-141,-63
155 43
-140,-62
156 44
-139,-61
157 45
-138,-60
158 46
-137,-59
159 47
-136,-59
160 47
-135,-59
161 47
-134,-59
162 47
-133,-59
163 47
-132,-58
164 48
-131,-57
165 49
-130,-56
166 50
-129,-55
167 51
-128,-54
168 52
-127,-53
169 53
-126,-52
170 54
-125,-51
171 55
-124,-50
172 56
-123,-50
173 56
-122,-50
174 56
-121,-50
175 56
-120,-50
176 56
-119,-50
177 56
-118,-50
178 56
-117,-50
179 56
-116,-50
180 56
-115,-50
181 56
-114,-49
182 57
-116,-51
180 55
-117,-52
179 54
-118,-53
178 53
-119,-54
177 52
-120,-55
176 51
-121,-56
175 50
-122,-57
174 49
-123,-58
173 48
-124,-59
172 47
-125,-60
171 46
-126,-61
170 45
-127,-62
169 44
-128,-63
168 43
-129,-64
167 42
-130,-65
166 41
-131,-66
165 40
-132,-67
164 39
-133,-68
163 38
-134,-69
162 37
-135,-70
161 36
-136,-71
160 35
-137,-70
159 36
-136,-69
160 37
-135,-68
161 38
-134,-67
162 39
-133,-66
163 40
-132,-65
164 41
-131,-64
165 42
-130,-63
166 43
-129,-62
167 44
-128,-61
168 45
-127,-60
169 46
-126,-59
170 47
-126,-58
170 48
-126,-57
170 49
-126,-56
170 50
-127,-56
169 50
-125,-58
171 48
-123,-60
173 46
-123,-61
173 45
-122,-60
174 46
-121,-59
175 47
-120,-59
176 47
-119,-59
177 47
-118,-59
178 47
-119,-58
177 48
-120,-57
176 49
-122,-55
174 51
-123,-54
173 52
-124,-53
172 53
-125,-52
171 54
-126,-51
170 55
-127,-50
169 56
-128,-50
168 56
-129,-50
167 56
-130,-50
166 56
-131,-50
165 56
-132,-50
164 56
-133,-50
163 56
-134,-50
162 56
-135,-50
161 56
                                                                                                                                                                                                                                                                                                                        
                                                                                                                                                                                                                                                                                                                        
                                                                                                                                                                                                                                                                                                                        
                                                                                                                                                                                                                                                                                                                        
                                                                                                                                                                                                                                                                                                                        
                                                                                                                                                                                                                                                                                                                        
                                                                                                                                                                                                                                                                                                                        
                                                                                                                                                                                                                                                                                                                        
                                                                                                                                                                                                                                                                                                                        
                                                                                                                                           ##                                                                                                                                                                           
                                                                                                                                          #  #                                                                                                                                                                          
                                                                                                                                         #    #                                                                                                                                                                         
                                                                                                                                   ##   #     #                                                                                                                                                                         
                                                                                                                                  #  # #     #                                                                                                                                                                          
                                                                                                                                 #    #     #                                                                                                                                                                           
                                                                                                                                #          #                                                                                                                                                                            
                                                                                                                               #          #                                                                                                                                                                             
                                                                                                                             ##          #                                                                                                                                                                              
                                                                                                                            #           #                                                                                                                                                                               
                                                                                                                           #           #               ##                                                                                                                                                               
                                                                                                                          #           #               #  #                                                                                                                                                              
                                                                                                                   #     #           #               #    #                                                                                                                                                             
                                                                                                                  # #####           #               #      #                                                                                                                                                            
                                                                                                                 #                   #             #        #                                                                                                                                                           
                                                                                                                #                     #            #         #                                                                   ##                                                                                     
                                                                                                               #                      #            #          #                                                                 #  #                                                                                    
                                                                                                              #                        #           #           #                                                               #  #                                                                                     
                                                                                                             #                          #          #            #                                                             #  #                                                                                      
                                                                                                            #                            #         #           #                                 #                           #  #                                                                                       
                                                                                                           #                              #        #          #                                 # #                         #  #                                                                                        
                                                                                                          #                                #      #          #                                 #   #                       #   #                                                                                        
                                                                                                         #         #                        #    #          #                                 #   #                       #   #                                                                                         
                                                                                                         # #      # #                        #  #          #                                 #   #                       #   #                                                                                          
                                                                                                          # #    #   #                        ##            #                               #   #                       #   #                                                                                           
                                                                                                             #  #     #                       ##             #                             #   #                       #   #                                                                                            
                                                                                                              ##       #                     #  #             #                           #   #                       #   #                                                                                             
                                                                                                                        #                   #    #             #                          #  #                       #   #                                                                                              
                                                                                                                         #                 #      #             #                          # #                      #   #                                                                                               
                                                                                                                          #               #        #             #                          # #                   ##   #                                                                                                
                                                                                                                           #             #          #             #                          # #                 ###  ############                                                                                      
                                                                                                                            #           #            #             #                        #   #               ##  #             #                                                                                     
                                                                                                                             #         #              #             #                      #     #              #    #             #                                                                                    
                                                                                                                              #       #                #             #     #              #     #              # #    #    ##       #                                                                                   
                                                                                                                               #     #                 ##             #   # #            #     #              #   #   #   # #        #                                                                                  
                                                                                                                                #   #                ######            # #   #          #     #              #     # #   #  #         #                                                                                 
                                                                                                                                 ## #               #  # ###            #     #        #     #    #######   #       #   #    #         #                                                                                
                                                                                                                                   # #             #  #   ###                  #      #       #  #       # #       # # #      #         #                                                                               
                                                                                                                                    # #           #  ###   ###                 #     #         ##         ####### #   #########          #                                                                              
                                                                                                                                     # #         #   # #    ###       ##       #    #         ###          ###   #   #      #  #       #  #                                                                             
                                                                                                                                      # #       #      #     ###     #  #       #  #         ### #        #  ## # # #      #    #      ##  #                                                                            
                                                                                                                                       # #     #       #      ###   #    #       ##         # ##  ###### #     #   #      #      #    #  #  #                                                                           
                                                                                                                                        #     #       #        ######    #       ##        # #### #######     #          #        #  #    # #                                                                           
                                                                                                                                       ##    #         #      #   #  #  #       #  #      # # ## #   # ###   #          #          ##     # #                                                                           
                                                                                                                                      # #   #           #    #   # #  ##       #   #     # #  #       #  ## #          #                  # #                                                                           
                                                                                                                               #      # #  #             #  ####### # ##      #   #     # #  #       # #  ##          #                   ##                                                                            
                                                                                                                              # #      ## #               #  ##      #  #    #   #     # # ##       #   #   #        #                     #                                                                            
                                                                                                                             #  ##      ##                 ####       #  #  #   #     # #  ##      #     #   #      #                      ##                                                                           
                                                                                                                            #  # ##    ###                 ##  #       #  ##   #     #    #  #    #       #   #    #                       # #                                                                          
                                                                                                                  ##       #  # ###   ###                 #     #       #     #     #    #    #  ##        #   #  #                       #  #                                                                          
                                                                                                                 #  #    ##  # ####  ###                 #       #       #   #     #    #      ##  #        #   ##                       #   #                                                                          
                                                                                                                  #  #  ##  # #  ###### #               #         #       # #    ##            ##   #      # #  ##                      #   #                                                                           
                                                                                                                   #  ### ## #     ###   #             #           #       #    ##             #     #    #    #  #    #               #     #                                                                          
                                                                                                                    #  ##  ##      ####   #           #             ####### #  ##             #       ####    #    #  # #             #     #                                                                           
                                                                                                                   #######  #     #  # #   #         #                       ###             #               #      ##   #           #     #                                                                            
                                                                                                                    #   ##########   #  #   #       #                       ####            #               #             #         #     #                                                                             
                                                                                                                     # # ## # ###     #  #   #     #                       ##  ##          #               #               #        #   ##                                                                              
                                                                                                                     ##   ### ## #     # #    #   #                       #     ##        #               #                 #        # ###                                                                              
                                                                                                                     #     ###  # #     #      # #                              # #      #               #                  #         # # #                                                                             
                                                                                                                     #     ##    ###   # #      #                               #       #               #                   #          #   #                                                                            
                                                                                                                     #      #    #### #   #    # #                              #      #               #                    #          #  #                                                                             
                                                                                                                    ##      ##  #  ###     ####   #                             #     # #  ###  #     #                     #          # #                                                                              
                                                                                                                   ##       # ##    ##             #                            #    # # ##   ## #   #                      #          ##                                                                               
                                                                                                                  ##         # #     ##             #                           #   # #       #######                       #          ##                                                                               
                                                                                                                 ##           # #     ####           #                          #  # #       #  #                           #         #  #                                                                              
                                                                                                                ##             # #      # #           #                         # # #       #                                #       #    #                                                                             
                                                                                                               ##               ###      # #           ##                        #   #######                                  #     #      #                                                                            
                                                                                                              ##                 #        # #            #    #####                  ##   #                                    #   #       #                                                               ##           
                                                                                                             ##                   #        # #            #  #     #                # #  #                                      # #        #                                                              #  #          
                                                                                                            ##                     #        # #            ##       #              #  # #                                        #          #                                                            #    #         
                                                                                                           ##                       #        # #           ##        #           ##  # #                                                     #                                                          #    #          
                                                                                                          ##                         #        # #         #  #        #         ### ###                                                       #                                                           ###           
                                                                                      #           ######## ###                       #       #   #       #    #        #       ##  ###                                                         ###                                                       #              
                                                                                     # #         #         #  #                     #       #     #     #      ####     #     ##   ##                                                             #                                                     #               
                                                                                     # #        #         ##   #                   #       #       #   #           #     #   ##   #                                                                #                                                   #                
                                                                                     ##        #         # #    #                 #       #         # #             #     ####   #                                                                  #                                               # #                 
                                                                                     #        #         #   #    #               #       #           #             # #      #   #                                                                    #                                               #                  
                                                                                    # #      #         #     #   #######        #       #         ### #           #   #    #####                                                                      #                                               #                 
                                                                                   #   #    #         #       #  ##     #      #       #         # ##  #         #     #  ##                                                                           #                                               #                
                                                                                  #     #  #         #         ##  #     #    #       #         # ###  ##       #       ###                                                                             #                    #                          #               
                                                                                 #       #  #       #              #      ######     #         # ###  #  #     #         #                                                                               #                  # #                         #               
                                                                                #        #   #     #               #      #####     #         # ###  #    #   #                                                                                           #                #   #                        #               
                                                                               #         #    #   #                #     # ##        #       #####    #    # #                                                                                             #              #     #                        #              
                                                                                #        #     # #                 #     ##           #     #####      #  ###                                                                                               #            #     #                        #               
                                                                                 #       #      #                  #    # #            #   ### ##       ##   ####                                                                                            #          #     #                        #                
                                                                                  #      #     # #                 #   #  #             # ### #  #            #  #                                                                                            #        #  #    #                       #                
                                                                                   #     #    #   #                #  #  #               ##  #    #            #  #                                                                                            #      #  ##   #                       #                 
                                                                                    ##########     #               # #  #               # ###      #            #  ##                                                                                           #    #  #  # #                        #                 
                                                                                         #          #              ##  #               # #          #            #####                                                                                           #  #  #    # #                      #                  
                                                                                          #         #              ## #               # #            #              ##                                                                                            ##  #      # #                    #                   
                                                                                           #        #             # ##               #####            #            # #                                                                                            ## #        # #                    #                  
                                                                                            #       #  #         #  ##                # ############   #          #   #                                                                                          #  # #        # #                  #                   
                                                                                             #      # # #########   # #              # # # #      #     #        #     #                                                                                        #    # #      #   #                  #                  
                                                                                   ######     #      #              #  #            # #   # #    #       #      #       ###                                                                                      #  # #      #     #                  #                 
                                                                                  #      #     #                    #   #          # #     # #  #         #    #           #                                                                                      #  ####   #       # ##               #                
                                                                                 #        #   #                     #    #        # #       # ##           #  #             #                                                                                      ##    # #         #  #     #         #               
                                                                                #          # #                      #     #      # #         #              ##               #                                                                                            #              #   # #       #                
                                                                             # #            #                        #     #    # #           #                               #                                                                                                           # #   #     #                 
                                                                            # #                                       #   ###### #             #                               #                                                                                                           #     #   #                  
                                                                           #                                           #        #             #                                 #                                                                                                                 # #                   
                                                                          #                                             #      #             #                                   #                                                                                                                 #                    
                                                                       # #                                               #    #              #                                  ###                                                                                                                                     
                                                  ##                  # #                                                 #  #                #                                #   #                                                                                                                                    
                                                 #  #                #                                                     ##                  #                    #         #     #                                                                                                                                   
                                                #    #   ########   #                                                                           #                    #       #       #                                                                                                                                  
                                   ###        ##    #   #        # #                                                                             #                    #    ##         #                                                                                                                                 
                                  #   #      ## #  #   #   #      #                                                                               #                    #   ##          #                                                                                                                                
                                 #     #    ##   ##   #   #                                                                                        #                    #  #            #                                                                                                                               
                                #       #  ##     #  #   #                                                                                          #                   ###              #                                                                                                                              
                               #         # ##     ###   #                                                                                            #                  #                 #                                                                                                                             
                              #           #  #    ###  #                                                                                              #                #                                                                                                                                                
                             #           # #  #   #  ##                                                                                                #              #                                                                                                                                                 
                            #            #  #  # ##  #                                                                                                  #            #                                                                                                                                                  
                           #             #   #  # # #                                                                                                    #          #                                                                                                                                                   
                          #              #    ## ###                                                                                                      #        #                                                                                                                                                    
                        ##               #       ##                                                                                                        #      #                                                                                                                                                     
                       #     ##          #        #                                                                                                        #     #                                                                                                                                                      
                      #     #  #        #         #                                                                                                       #     #                                                                                                                                                       
                     #       #  #      #          #                                                                                                      #     #                                                                                                                                                        
                     #        #  #    #           #                                                                                                     #     #                       #                                                                                                                                 
                      #        #  #  #            #                                                                                                      #   #   #########  ##########                                                                                                                                  
                       #        #  ##             #                                                                                                       # #             ##        #                                                                                                                                   
                        #############             #                                                                                                   #   ##              ##       #                                                                                                                                    
                                  ## #             #                                                                                                 ##  ##              #  #     #                                                                                                                                     
                                  # # #     ##      #                                                                                               # # ##              #    #   #                                                                                                                                      
                                   # # #   #  #      #                                                                                             #  #                #      # #                                                                                                                                       
                                   #  # # #    #      #                                                                                           #   #               #  ##    #                                                                                                                                        
                                   #   # #      #      #                                                                                         #    #              #    #   # #                                                                                                                                       
                                   #    ###      #      #                                                                                       #    #              #     ## #   #                                                                                                                                      
                                   #   #   #      #      #                                                                                       #######       #####      # #  ####                                                                                                                                     
                                   #  #     #      #      #                                                                                        #  #       #          # # ##                                                                                                                                         
                                   # #       #####  #      #                                                                                      #  #       #          # #  #                                                                                                                                          
                                   ##       # #   ##        #                                                                                    #  #       #          # #                                                                                                                                              
                                   #       #   #  ##        #                                                                                   #    #     #          # #                                                                                                                                               
                               #####      #     ##  #      #                                                                                   #      #   #          # #                                                                                                                                                
                               #   #     #           #    #                                                                                   #        # #          # #                                                                                                                                                 
                               #   #    #             #  #                                                                                   #          #          # #                                                                                                                                                  
                               #   #   #               ##                                                                                   #                     # #                                                                                                                                                   
                ################   #  #                                                                                                    #                     # #                                                                                                                                                    
              ##               #   # #                                                      ############                                  #                     # #                                                                                                                                                     
             #                 ## # #                                                      ###          #                                #                     # #                                                                                                                                                      
            #                  # # #                                                       ## #          #                              #                       #                                                                                                                                                       
           #                   ## #                                                ########  # #          #                             #                                                                                                                                                                               
            #                  # # #                                              #           ###          #                           #                                                                                                                                                                                
             #                # #   #                                      #     #               #          #      #########          #                                                                                                                                                                                 
              #            # ###    #                                     # #   #                 #          #    #         #        #                                                                                                                                                                                  
               #   #      # ###     #                                    #   # #                   #          #  #           #      #                                                                                                                                                                                   
               #  # #    #  ###     #                                   #     #                    ##        #  #      #      #    #                                                                                                                                                                                    
              ## #   #  #  ### #     #                                 #                           # #      #  #       #       #  #                                                                                                                                                                                     
             # ##     ##  ###   #     #                               #                            #  #    #  #        #        ##                                                                                                                                                                                      
            #    ######## ##     #     #                             #                              #  #  #  ###########                                                                                                                                                                                                
           #    # ######  #       ##### #                           #                                #  ##  ##         #                                                                                                                                                                                                
          #    #    #  # #             # #                         #                                  #    #  #        #                                                                                                                                                                                                
         #    #    #    #               # #                        #                                   #  #    #       #                                                                                                                                                                                                
        #    #    #                      # #                       #                                    ##      #      #                                                                                                                                                                                                
      ##    #    #                        ##                       #                                    ##       #     #                                                                                                                                                                                                
     #########    #                        #                       #                                   #  #       #    #                                                                                                                                                                                                
    ##    #   #    #                       ##                      #                                  #    #       #   #                                                                                                                                                                                                
   #  #  #     #   #                       # #                     #                                 #      #       #  #                                                                                                                                                                                                
  #    ##       #  #                        # #                    #                                 #       #       # #                                                                                                                                                                                                
 #               # #                         # #                   #                                  #       #       ##                                                                                                                                                                                                
#                 ##                          # #                  #                                   #       ##      #                                                                                                                                                                                                
#                  #        ##               #   #                 #                                    #     # ##     ##                                                                                                                                                                                               
 #                 #########  #             #     #                 #                                    #   #  # #    # #                                                                                                                                                                                              
  #                #           #           #       #                 #                                    # #  #   #  #   #                                                                                                                                                                                             
   #               #            #         #         #####             #                                    #  #     ##     #                                                                                                                                                                                            
    #              #             #       #               #            #                                   # ##       #     #                                                                                                                                                                                            
     #             #              #     #                 #           #                                   # ##            #                                                                                                                                                                                             
      #           #                #   #                   #          #                                    #  ############                                                                                                                                                                                              
       #         #                  # #                     #         #                                                                                                                                                                                                                                                 
        #       #                    #                       #        #                                                                                                                                                                                                                                                 
         #     #                                              #       #                                                                                                                                                                                                                                                 
          #   #                                                #      #                                                                                                                                                                                                                                                 
           # #                                                  #     #                                                                                                                                                                                                                                                 
            #                                                    #   #                                                                                                                                                                                                                                                  
                                                                  # #                                                                                                                                                                                                                                                   
                                                                   #                                                                                                                                                                                                                                                    
2545
